1.517794484472004823e-01
8.272742805571664526e-02
2.165687292241675332e-01
7.562905520621554523e-02
-1.495685356804359600e-01
-2.432869241321552745e-01
2.892961753717259721e-01
7.480295509340650906e-03
6.247740125724321469e-02
-2.286425097891793268e-01
7.990947648518431645e-03
9.364552759491978629e-02
-2.023213042818614582e-01
-1.111936194118073318e-01
1.848193271233486423e-01
1.028114910528481474e-01
1.693156082640582261e-01
1.437806826167360996e-01
1.716696258932333130e-01
5.839405356320365170e-02
-1.425902032599290215e-01
-1.138471245708216895e-02
2.831238012754825895e-01
1.955090039365538490e-01
4.512105711789293760e-02
2.251409894754363705e-02
-1.863141951068859326e-01
2.212631793050161000e-01
-2.089892572562876971e-01
-1.343803421128383635e-01
-1.927289699949527590e-01
-2.225695910789143306e-01
-1.567065659332145255e-02
-2.919933534438395317e-01
1.406768533450784009e-01
3.685426349712755956e-02
-7.102372236630255520e-02
-7.188665813151268180e-02
2.230982046228379700e-01
9.718076719252677353e-02
7.903917081132294520e-02
1.897211717348518123e-02
1.199380726051357815e-03
-1.188531324625576313e-01
1.655606838576286766e-01
-4.928961201829151761e-02
-9.869580015732401512e-02
-2.292895081371277566e-01
-2.584689626859645872e-01
-2.065821700080847645e-01
-2.508364995479284154e-02
1.976039038714837992e-01
2.447335503981140081e-01
2.706593275380144159e-01
4.369119479140637363e-02
2.565671302882704397e-01
-2.790606282496880253e-01
-2.514208468797560769e-01
1.965571539081574781e-01
-1.799884469292902522e-01
-1.783587357074841728e-01
-8.303284622908427282e-02
1.828104374993276271e-01
-9.659318024289531568e-02
-1.712538760343643163e-01
-9.619657737575204592e-02
2.441876400960295013e-01
1.076509532545822934e-01
1.603611727438764012e-01
3.599613900097908825e-02
2.011838597436475529e-01
-1.502571696724808725e-01
-2.320989668639453218e-01
-9.862430679403177969e-04
2.606333307741174887e-01
-2.038023057458928644e-01
-1.919492906482412886e-01
-1.795573648710711567e-01
1.639591410928935566e-01
-1.644259823835885204e-01
2.575993198523545691e-01
-6.025099104082637380e-02
-2.804354353829391355e-01
1.166395218222076591e-01
2.715875267823155137e-01
1.307277520060519116e-01
1.443864030745199978e-01
-9.915249286912566906e-02
-1.653327242487493687e-01
-2.072857651132894441e-01
-1.356629779614429432e-01
1.868323259546171289e-01
1.291907804425191930e-01
1.802197316404074989e-02
-7.826477241117468786e-02
-8.595021238477210113e-02
-2.925986992966171374e-01
-2.804850436417021808e-01
2.608129727844841761e-01
-2.348321705112000890e-01
2.922354351149806795e-01
-3.050268803654476724e-02
-1.897459898768061315e-02
-2.889885309752401876e-01
1.758673333734264710e-01
-2.323731008818806509e-01
-2.020647329155896288e-01
-2.902716288788954047e-01
-5.131684377516526618e-02
1.303127158476257708e-01
-1.124927813913396968e-01
-1.580179762413261302e-01
-1.135172754416420293e-01
2.431708991807873810e-02
-1.559171087299920100e-01
6.042793366746845862e-02
1.415545691227316216e-01
-1.664929640810963452e-01
-8.401697467040322720e-02
-6.746427037500471457e-02
2.780541237707593871e-01
1.414052588884068262e-01
2.417914870110737802e-02
1.002415597369630818e-01
-2.106755617441158357e-02
-2.456734383495092211e-01
-2.714896908620142435e-01
-2.193350403046175623e-01
-5.537076455120898411e-02
-1.684125518505102115e-01
1.420592204301131534e-01
-1.159166706321972384e-01
-1.022231755273017850e-01
2.781054667012106130e-02
-5.118358606723577564e-02
9.199861436567933204e-01
9.507899607508814022e-01
9.795308210522194470e-01
9.650596053918978345e-01
9.942461033821361482e-01
9.505442115299823636e-01
9.341158772958986223e-01
9.960407882573483196e-01
9.664945064234127248e-01
9.678634128069122378e-01
9.457744414244201314e-01
9.158190172817599617e-01
9.612895974907129659e-01
9.718754942597119806e-01
9.076755014870214744e-01
9.834514420188200656e-01
9.014590397697693769e-01
9.748531313888203487e-01
9.584492581646691933e-01
9.916923449516247269e-01
9.670627093927575135e-01
9.046999431182441986e-01
9.371564175948778885e-01
9.418406955677784964e-01
9.567796510330911497e-01
9.558882306285807484e-01
9.885265103512843599e-01
9.703639474476201121e-01
9.333599354213870658e-01
9.451008147462557352e-01
9.143745596878616322e-01
9.776446783258465612e-01
9.465686288188099873e-01
9.389371357021446540e-01
9.457206884996801621e-01
9.028108509113260682e-01
